0000000010 100011
0000000000 001001
0000000000 001111
0000000000 111111
0000100010 111001
0000000000 010000
0000000001 100011
0000000000 001010
0000001100 010011
0000000000 111101
0000000000 001000
0000000000 111101
0000000000 000111
1111101000 001110
0000000000 111101
0000000000 111101
0000000000 111101
0000000000 111101
0000000000 001111
0000010110 101101
0000010110 001110
0000000000 111110
0000000000 010000
0000000000 111111
0000000000 111110
0000000000 010000
0000000000 111111
0000000000 001000
0000001010 010011
0000000000 111101
0000000000 001111
0000010110 101101
0000010110 001110
0000000000 001000
0000100010 001101
0000000000 110110
0000001110 001101
0000000000 111101
0000000000 001001
0000000010 000011
0000000000 000110
0000000010 000010
1111110000 001110
0000000000 111101
0000000000 001000
0000000000 001001
0000000000 000011
0000000000 000110
0000000000 000010
0000000000 001000
1111100000 001110
0000000000 111101
0000000000 001111
0000010110 000011
0000010110 001110
